# ZED camera params

color:
  width: 2208
  height: 1242
  fx: 1390.0277099609375
  fy: 1390.0277099609375
  cx: 1077.1168212890625
  cy: 651.8643798828125
  baseline: 0.12

depth:
  width: 2208
  height: 1242
  fx: 1390.0277099609375
  fy: 1390.0277099609375
  cx: 1077.1168212890625
  cy: 651.8643798828125
  unit: mm
